0 0.1390625 0.4265625 0.278125 0.228125
0 0.88359375 0.5171875 0.2015625 0.175
2 0.346875 0.94765625 0.08125 0.1046875
2 0.54921875 0.85390625 0.0703125 0.1484375
2 0.61875 0.88515625 0.109375 0.1140625
2 0.11015625 0.81015625 0.0546875 0.0453125
2 0.503125 0.73671875 0.875 0.2953125
2 0.54609375 0.52578125 0.0765625 0.1484375
2 0.39765625 0.38671875 0.2328125 0.0921875
2 0.075 0.6671875 0.15 0.25
2 0.04375 0.1515625 0.0875 0.134375
2 0.14921875 0.1546875 0.2359375 0.215625
2 0.53984375 0.22734375 0.2984375 0.0859375
0 0.90625 0.22890625 0.1375 0.0953125
0 0.878125 0.33046875 0.109375 0.0921875
0 0.8265625 0.3 0.0625 0.071875
0 0.7921875 0.13515625 0.246875 0.1921875
2 0.603125 0.30625 0.76875 0.10625
2 0.91484375 0.084375 0.1671875 0.16875