1 0.52421875 0.50703125 0.1328125 0.1171875
2 0.13046875 0.22265625 0.1890625 0.1203125
2 0.2 0.0421875 0.075 0.059375
2 0.80859375 0.31484375 0.0484375 0.0296875
0 0.903125 0.12109375 0.05625 0.0359375
0 0.5359375 0.7265625 0.09375 0.15625
2 0.9171875 0.57734375 0.09375 0.0421875
2 0.97734375 0.753125 0.0453125 0.059375
0 0.01875 0.740625 0.0375 0.05625
2 0.153125 0.91640625 0.30625 0.0765625
2 0.59609375 0.78828125 0.0859375 0.2984375
2 0.91796875 0.65 0.1640625 0.146875
2 0.89140625 0.50859375 0.2171875 0.1515625
2 0.96953125 0.3625 0.0609375 0.084375
2 0.91953125 0.15078125 0.0640625 0.0359375
2 0.928125 0.07421875 0.14375 0.1484375
2 0.4015625 0.1484375 0.153125 0.040625
2 0.3875 0.2421875 0.24375 0.05
2 0.4 0.3140625 0.103125 0.053125
2 0.65234375 0.34375 0.0859375 0.05
2 0.26015625 0.7265625 0.2953125 0.05625
2 0.21953125 0.67265625 0.0796875 0.0703125
2 0.01171875 0.50390625 0.0234375 0.0765625
2 0.05546875 0.54296875 0.0859375 0.0453125
2 0.08515625 0.2203125 0.1703125 0.440625
2 0.525 0.21171875 0.05625 0.0328125
0 0.97265625 0.16640625 0.0546875 0.0359375
0 0.27265625 0.24375 0.0484375 0.040625
0 0.3890625 0.5578125 0.053125 0.03125
2 0.0796875 0.64296875 0.103125 0.0984375